0
0
0
0
0
0
0
0
0
0
113490
0
0
0
0
0
0
0
0
0
0
0
0
0
0
0
0
0
0
0
0
0
914262
6734
31694
1
2
1
0
20367
691
691
310
0
65138
12517
54608
34
190
444
160
67
34
56
92
44
228
44
1490
1290
0
2
0
5608
3
11845
6121
3912
3106
3337
3047
2788
7479
15572
835
1430
1268
7770
4837
3151
8143
52
4482
9851
11471
538
1236
5895
753
3368
123
1
0
1
0
6
0
341469
56521
96813
202166
541376
87724
88301
282921
268326
3765
37518
175592
97989
304538
321460
62988
3565
250431
267326
376730
115618
41192
99940
5411
82639
3325
0
0
0
0
0
0
0
0
0
0
0
0
0
0
0
0
0
0
0
0
0
0
0
0
0
0
0
0
0
0
0
0
0
0
0
0
0
0
0
0
0
0
0
0
0
0
0
0
0
0
0
0
0
0
0
0
0
0
0
0
0
0
0
0
0
0
0
0
0
0
0
0
0
0
0
0
0
0
0
0
0
0
0
0
0
0
0
0
0
0
0
0
0
0
0
0
0
0
0
0
0
0
0
0
0
0
0
0
0
0
0
0
0
0
0
0
0
0
0
0
0
0
0
0
0
0
0
0
0
0
0
0
