0
1
0
0
0
58
2
0
0
0
0
0
0
38
0
0
0
0
0
0
0
21
0
0
0
0
0
0
0
0
0
0
0
3
0
0
0
0
1
0
0
22
0
0
0
0
0
134
0
0
11
67
0
0
0
1
6
0
0
0
0
0
0
0
0
0
26
0
0
0
0
0
2
0
0
29
2
0
0
51
0
2
0
0
2
0
0
0
0
0
0
0
0
0
0
0
0
11
0
0
17
0
0
0
0
0
12
0
24
0
0
47
0
0
0
0
0
6
0
0
0
0
11
0
0
0
0
0
0
0
0
0
0
0
0
1
0
0
0
0
0
0
0
3
0
0
0
0
0
0
0
13
0
0
0
0
0
0
0
0
0
0
0
0
0
0
0
0
0
0
0
0
1
0
0
0
0
0
0
0
2
16
0
0
0
0
0
0
0
0
0
0
0
3
0
2
40
0
22
3
0
0
0
0
0
2
0
0
0
0
0
0
0
0
0
0
0
0
1
0
0
0
0
0
0
0
0
2
0
3
0
0
0
42
1
0
4
0
9
0
0
22
0
11
0
0
0
0
0
0
0
0
0
0
0
