13430
5727
1
19
63
140
26
1
34
3
3
1
2
1
2
1151
633
887
304
180
288
103
558
503
49
174
78
354
589
290
1022
5
324
487
1567
17
66
401
44
14
3743
1569
1955
1387
1072
1541
716
2843
1458
110
218
949
1253
767
1710
1445
140
1206
3090
4735
450
250
2578
279
2
168
3215
1
227
584
136
19
2
220
25
13
10
7
16
6
8
6
2
3905
2546
978
1429
1086
1511
988
2544
5030
221
941
445
2643
2492
828
4581
14
1860
2171
3616
107
728
1280
445
486
82
1
59819
19909
17150
13844
9318
17876
7795
43240
22383
1237
2655
11551
15008
10776
30803
11694
1251
11673
34678
76526
4961
2872
35043
4
5177
45
104
1540
2044
51
3
7
174
3055
5829
18
16
2
51
13
1
2
5
711
380
189
237
62
103
168
482
1309
28
33
150
219
430
383
136
15
54
260
781
86
66
1175
709
4
121
101
13
25
7
13
18
42
48
5
4
17
28
15
26
18
6
39
162
2
3
56
39
1
1
1
1
43
529
5
37
1
17
6
20
2
22
14
5
5
4
30
9
13
14
35
5
2
4
6
5
3
8
1
6
13
7
2
22
6
38
3
73
66
33
3
4
10
8
387
111
3
16
6
129
4402
1175
5
131
11
14
7
1
17
39
16
3
1
1
1
7
3
1
1
21
9
1
5
7
6
2
16
3
10
25
1
2
1
82
9
6
4
6
14
3
55
34
6
5
11
31
7
1
1
34
75
2
2
75
45
398
2
170
12
37
1
5
34
224
16
20
2
1
1
1
1
2585
34612
2611
71
1
1
9
1
303
24
61
6
3
2086
1
1
2
2
1
2
3
8
13
5
4
6
1
57
10
8
11
1
12
9
8
9
1
1
7
7
374
168
314
157
107
166
45
195
315
7
28
152
92
129
138
75
3
74
241
506
35
11
251
48
4
9213
15101
11
2291
60
70
1
9
5
3926
6
2
5
2
2
2
3
4
3
16
1
1
2
1
22
10
2
1
5
1
3
5
1
1
14
1
1
1
1
8
1
2
1
1
1
1
1
1
1
1
1
4
3
1
6
38
1
1
12
3
1
2
30
5
2
27
12
15
5
18
1
4
13
2
18
4
46
16
16
63
21
1
10
3
8
166
1
16
26
39
13
3
14
1
12
2
4
2
3
3
5
2
1
1
3
11
17
6
1
7
7
1
5
3
4
3
1
1
6
2
2
1
2
1
6
5
1
1
17
1
8
1
7
1
1
1
1
1
1
1
1
2
9
8
3
5
1
8
2
1
12
1
1
1
3
2
13
1
8
3
3
2
4
1
3
1
7
2
6
79
85
4
1
1
1
1
3
2
4
11
5
1
5
3
1
2
1
1
1
247
760
8
74
1070
1
2
94
1212
1686
18
2
8
117
2
24
425
2
4
4
4
8
2
2
7
1
1
6
4
14
734
13
5
6
1
1
35
14
29
222
50
177
3
5
676
56
2946
35
198
266
319
263
1
7
1
2
2
3
2
1
4
1
7
4
1
32
2
3
467
646
82
15
995
115
1172
3
51
2
5
1
2
11
734
4
3
7
10
189
16
151
8
36
857
42
9
15
5
2
14
1
2
2
4
5
7
1
148
604
94
131
7
704
140
150
1
4
26
1
1
23
12
7
5
8
6
11
2
1
3
4
5
28
3
6
1
741
7
1
5
2
33
7
1
3
7
56
11
3
26
725
88
2
2
49
6
5
71
217
26
8
14
1
1
10
1
1
7
9
2
3
96
72
103
9
264
1349
4
6
1
1
5
3
1
2
4
8
36
1
341
1
28
16
543
112
192
1
1
5
1
737
5
8
1
2
3
304
2292
537
10
400
73
663
3829
6
5
370
38
5
34
1
33
3
4
4
2
6
3
4
461
8
5
14
3
7
9
11
86
68
1
6
3
6
302
12
123
26
595
13
1
3
128
950
82
1
4
1
18
40
36
208
1
33
1
1
1
192
11
8
111
6
20
92
70
653
1
5
11
2
4
8
2
13
3
4
1
2
134
167
152
188
11
2
4
13
7
5
3
1
3
1
1
1539
96
370
1
1
973
11
81
145
3
3
1
1
1
2
10
12
4
4
5
14
9
2
1
4
5
5
13
4
1861
192
702
748
8
2
39
1
5
2
3
2
1
2
11
4
4
32
3
16
32
12
5
4
13
2
3
10
42
6
1
74
305
2
59
680
12
6
98
13
55
63
3
5
3
1
1
3
2
1
4
3
5
9
731
2
342
687
47
7
1972
98
161
2412
2
24
3
2
1
34
2
746
1
2
10
1
15
4
6
2
6
1
4
3
6
2
74
146
31
13
1150
807
25
2
13
1
3
12
6
12
4
3
8
1
78
91
275
874
113
8
110
853
120
16
209
143
5
21
6
19
3
1
1
3
5
747
19
9
1
5
5
2
1
4
6
97
112
4888
154
379
2
48
80
146
10
69
1
1
5
4
1
1
1
5
3
4
7
1
9
1
3
3
5
16
152
3
5
6
6
12
150
5
1
2
1
4
1
12
216
296
154
164
16
65
3
26
1
1
7
2
2
1
3
98
714
1694
267
1
76
11
10
120
2
1
2
1
232
1
156
158
2
7
2
6
1
41
454
746
6
1
23
7
49
2
17
8
1
1
1
1102
11873
131
9
322
10
963
85
516
6
19
56
6
3420
6996
11287
170
1451
3461
137
8765
168
2566
13550
4567
42757
42
3869
2
17745
20596
27836
2254
4505
2146
50
5420
381
7
113
1
3
2
34
7
16
2
2740
229
2
16
10739
1
935
175
3619
69
9
3073
1861
476
257
4104
46
17
2499
58
468
3
8
4
37
9
28
1
3
1
6536
1049
9
13110
10722
2563
2623
1965
2
11971
117
2029
96
4124
1682
7
295
4729
63209
314
14
176
47
4189
378
2820
186
118
187
2313
12
10
1304
13150
85
435
50
7709
236
69
1238
183
283
4573
4
45
3437
2226
47
953
319
44
1180
2
7758
91046
683
77
991
74
6112
614
4361
146
163
576
13
13297
236
5420
28623
8076
3160
2148
658
3454
85
271
10336
6414
26451
1616
3419
252
43393
19616
7707
242
5259
3189
3106
3759
189
1377
16976
52
6
32
11
496
189
413
19
9
30
3760
27
4548
2833
3
4562
7
1200
2
5
7818
4311
149
2148
1855
27
85
1318
17871
137
11
30
21
1468
188
1051
4
59
43
137
3355
1
42
5537
445
5952
2470
1462
18
926
2567
2626
862
170
1140
17
95
1
931
12294
196
9
31
11
1271
93
548
14
30
110
26694
62
62
60
72950
68
1
6
25443
95
150
367
116
13323
4
1280
156
4192
1527
4
36
893
29
483
15
5
98
187
29
96
1
2
10
2907
1331
8528
8645
8446
3440
4278
5
1307
8147
9806
47819
7421
833
27
5915
21754
20496
130
3307
4
256
1
593
3
78
520
11
680
974
203
3727
61
4
18
6
554
69
387
1
10
16
52
381
7
47
3
5649
13
12
809
3288
333
29
2051
505
1
25
747
5
24
12
81
100
792
9835
143
6
103
13
1389
160
604
21
34
73
7548
71
70
6912
16933
2301
86
4
9346
1036
13204
392
122
8157
380
1
463
1555
1641
1504
419
467
10004
25
599
8446
119
10
9
26
1437
107
1629
45
64
103
7882
1085
36
15072
133
1
4691
6
161
1381
226
5744
3429
70
1918
59
1590
6
2311
2425
32384
259
16
1734
39
3015
449
1998
59
89
198
3651
147
9099
34557
14632
912
24989
142
5489
120
1492
2104
138
1949
11927
95
242
74
6169
15982
950
753
106
82
2073
22
1783
23519
142
1
94
11
866
107
370
12
14
122
1379
885
1332
3048
502
16833
768
55
2243
117
3377
7696
11067
27031
7152
3047
25
19691
6733
9957
23473
6888
9913
141
739
112
159
2266
38
5
4
381
21
270
13
8
16
4394
11
127
2
7784
53
7
407
2226
18
4120
27
8
4597
2625
5434
1073
1434
1141
16
329
1
2294
1866
23202
260
19
595
35
2821
457
2096
59
96
260
8277
213
1470
4353
35504
448
1392
180
13328
2
920
1259
2927
2560
13614
543
13
4922
8071
4594
2233
705
277
5720
82
3915
47770
501
51
426
76
6077
380
3422
1
141
175
266
1
8329
425
2131
63
17271
300
44
9967
9232
3
2154
1193
1577
439
8148
3119
153
25
9682
17547
3810
74
648
366
4
3220
48274
354
25
967
44
3226
283
2473
57
110
438
8789
15
634
3
18295
184
9
68848
13841
10
2998
274
177
24362
40
5599
3820
4386
3474
7
1090
1
3127
137
148
2964
105
4
210
3
309
18
188
5
9
96
1322
911
2055
1413
1902
332
3277
44
1750
1
246
6265
1367
8624
148
2774
1
8029
8920
10994
68
2
43
21
612
78
1512
28
356
6
565
27
276
5
11
25
1552
14419
3
4482
8
199
532
1433
84
261
2
22
1
1
82
432
6086
90
6
135
17
973
76
535
15
25
85
12058
6
16
367
7041
44
10231
9752
63
198
2
2221
4517
1
517
728
7
19
17
39
12
178
2
5
36
9
19
1
1
337
600
314
59
281
2
5
1354
4
471
17
4
1810
23538
261
11
309
37
3119
292
2156
1
101
91
218
1
1292
148
167
13
2130
98
9
12
1115
38
202
167
47
5227
56
83
1312
794
54
1
80
10
8
70
3
1
31
6
14
1
1
2
114
20
733
105
243
4
43
63
632
2
123
14
47
