2560
2584
2586
2589
2590
2592
2595
2596
2599
2600
2601
2603
2604
2605
2607
2615
2616
2617
2618
2619
2620
2621
2622
2623
2624
2625
2626
2627
2628
2629
2630
2631
2632
2633
2634
2635
2636
2637
2639
2640
2647
2648
2649
2650
2651
2652
2653
2654
2655
2656
2657
2658
2659
2660
2661
2662
2663
2664
2665
2666
2667
2668
2669
2671
2672
8192
8194
8195
8199
8200
8202
8205
8208
8209
8210
8211
8212
8213
8214
8215
8216
8217
8221
8225
8226
8227
8228
8229
8230
8231
8232
8233
8234
8235
8236
8237
8238
8239
8240
8241
8242
8243
8244
8245
8246
8247
8248
8249
8250
8251
8257
8258
8259
8260
8261
8262
8263
8264
8265
8266
8267
8268
8269
8270
8271
8272
8273
8274
8275
8276
8277
8278
8279
8280
8281
8282
8425
8447
8449
8454
8456
8460
8461
8680
8702
8709
8711
8712
8715
8716
8723
8726
8729
8735
8736
8737
8738
8739
8740
8741
8742
8743
8744
8745
8746
8747
8748
8749
8750
8751
8752
8753
8754
8755
8756
8757
8759
8760
8767
8768
8769
8770
8771
8772
8773
8774
8775
8776
8777
8778
8779
8780
8781
8782
8784
8785
8786
8787
8788
8789
8791
8975
9229
9233
9467
9955
9977
9978
9979
9986
9989
9990
9991
10004
10008
10010
10011
10012
10013
10014
10015
10016
10017
10018
10019
10020
10021
10022
10023
10024
10025
10027
10028
10029
10030
10031
10032
10034
10042
10043
10044
10045
10046
10047
10048
10049
10050
10053
10054
10055
10056
10057
10059
10060
10061
10062
10063
10064
10066
10234
10236
10249
10250
10251
10252
10253
10256
10265
10266
10268
10269
10271
10272
10273
10274
10275
10277
10278
10279
10280
10282
10283
10284
10286
10287
10289
10297
10298
10299
10300
10301
10302
10303
10304
10305
10308
10309
10310
10311
10312
10313
10314
10315
10316
10317
10318
10319
10465
10487
10495
10499
10500
10501
10513
10514
10720
10742
10750
10752
10755
10777
10778
10785
10790
11230
11252
11254
11259
11262
11266
11268
11278
11485
11507
11509
11514
11515
11520
11521
11524
11529
11531
11538
11540
11541
11542
11543
11544
11545
11546
11547
11548
11550
11552
11553
11554
11555
11557
11558
11559
11561
11562
11564
11565
11572
11573
11574
11575
11576
11577
11578
11579
11580
11581
11582
11583
11584
11585
11586
11587
11588
11589
11590
11591
11592
11593
11594
11596
11597
11740
11762
11763
11764
11769
11771
11772
11774
11775
11776
11779
11780
11781
11782
11783
11784
11785
11786
11787
11793
11795
11796
11797
11798
11799
11800
11808
11809
11813
11815
11827
11833
11838
11840
11841
11842
11846
11852
11995
12032
12033
12035
12037
12039
12069
12084
12085
12087
12088
12089
12093
12097
12104
12106
12250
12272
12277
12281
12284
12285
12286
12287
12288
12289
12290
12293
12294
12295
12296
12297
12333
12505
12527
12535
12536
12539
12541
12543
12544
12545
12546
12547
12548
12549
12550
12551
12610
12760
12782
12791
12794
12795
12796
12797
12798
12799
12800
12801
12802
12803
12804
12805
12813
12860
13015
13037
13046
13049
13050
13051
13053
13054
13119
13121
13292
13301
13304
13305
13306
13308
13309
13313
13376
13380
13525
13547
13549
13556
13559
13560
13561
13562
13563
13567
13568
13570
13572
13573
13574
13631
13636
13780
13802
13814
13815
13816
13817
13818
13820
13822
13824
13825
13829
13833
13886
14035
14057
14058
14069
14071
14073
14074
14081
14082
14141
14290
14312
14324
14326
14328
14329
14330
14332
14334
14335
14336
14337
14396
14545
14567
14579
14580
14581
14583
14589
14590
14592
14593
14651
14800
14822
14837
15055
15077
15079
15587
16075
16097
16099
16104
16106
16110
16111
16432
16585
16607
16614
16620
16621
16641
16642
16643
16645
16646
16648
16650
16651
16652
16653
16655
16657
16658
16659
16661
16672
16673
16674
16675
16677
16678
16679
16680
16682
16683
16684
16685
16687
16689
16690
16691
16692
16693
16694
16695
16696
16697
16862
16869
16874
16876
16897
16899
16903
16906
16909
16912
16915
16927
16931
16935
16938
16941
16944
16947
16949
16951
17117
17124
17129
17131
17154
17157
17158
17161
17164
17169
17182
17186
17189
17190
17193
17196
17199
17202
17206
17207
17350
17372
17379
17384
17386
17405
17409
17413
17419
17437
17441
17445
17449
17450
17451
17454
17457
17458
17605
17627
17634
17639
17641
17653
17660
17661
17662
17663
17664
17665
17666
17668
17671
17672
17673
17674
17675
17676
17677
17678
17680
17681
17683
17692
17694
17695
17697
17698
17699
17700
17702
17703
17704
17705
17707
17708
17709
17710
17711
17712
17713
17715
17716
17882
17891
17894
17896
17901
17920
17923
17929
17934
17935
17947
17951
17955
17958
17961
17964
17967
18137
18150
18151
18174
18177
18178
18181
18187
18190
18202
18205
18206
18209
18210
18213
18216
18219
18222
18224
18227
18392
18405
18425
18429
18433
18439
18442
18444
18457
18461
18465
18469
18471
18477
18625
18647
18648
18649
18654
18659
18660
18661
18674
18678
18680
18681
18682
18683
18684
18685
18686
18688
18691
18692
18693
18694
18697
18698
18699
18701
18703
18712
18713
18714
18715
18717
18718
18723
18724
18725
18726
18727
18729
18730
18731
18733
18909
18939
18955
18967
18971
18981
18987
19135
19157
19169
19198
19204
19222
19226
19229
19230
19233
19235
19236
19239
19242
19244
19412
19419
19424
19445
19449
19450
19453
19456
19459
19465
19466
19477
19481
19485
19491
19497
19498
19501
19681
19700
19704
19708
19713
19714
19715
19720
19732
19736
19740
19743
19744
19746
19749
19752
19756
19900
19922
19923
19929
19934
19935
19936
19948
19955
19956
19957
19958
19959
19961
19962
19963
19969
19973
19974
19979
19987
19991
19995
20001
20007
20155
20177
20184
20189
20190
20191
20203
20211
20212
20215
20216
20219
20220
20221
20223
20224
20227
20228
20229
20230
20231
20232
20243
20244
20245
20246
20247
20249
20252
20253
20255
20256
20257
20259
20260
20261
20262
20263
20264
20267
20446
20465
20469
20471
20472
20473
20476
20479
20482
20484
20485
20497
20501
20502
20504
20505
20508
20511
20514
20516
20517
20519
20521
20740
20772
20920
20942
20954
20968
20975
20977
20979
20981
20983
20985
20989
20990
20992
20993
20994
20999
21007
21011
21014
21015
21021
21027
21031
21175
21197
21204
21210
21211
21232
21234
21238
21248
21249
21250
21262
21264
21266
21269
21270
21273
21274
21276
21277
21278
21281
21282
21283
21284
21286
21452
21464
21465
21466
21478
21485
21489
21492
21493
21498
21499
21502
21503
21505
21507
21509
21517
21521
21524
21525
21531
21532
21534
21535
21537
21538
21539
21541
21685
21707
21721
21740
21742
21743
21744
21751
21753
21757
21758
21759
21765
21778
21779
21782
21783
21785
21787
21789
21790
21791
21793
21940
21962
21969
21974
21975
21976
21988
21999
22003
22027
22031
22035
22038
22041
22044
22051
22218
22229
22250
22254
22258
22263
22264
22282
22286
22289
22290
22293
22296
22299
22302
22450
22479
22484
22498
22507
22513
22520
22526
22528
22705
22727
22739
22774
22779
22792
22796
22806
22812
23029
23047
23050
23054
23055
23060
23067
23069
23274
23725
24745
24767
24768
24769
24774
24776
24779
24780
24781
24793
24794
24798
24832
24833
24834
24835
24836
24837
24838
24839
24840
24841
24842
24843
24844
24845
24846
24847
24848
24849
24850
24851
24852
24853
24854
24855
24856
24857
25000
25022
25023
25029
25031
25034
25035
25036
25053
25087
25088
25089
25090
25091
25094
25095
25096
25098
25099
25100
25101
25104
25105
25106
25107
25108
25109
25111
25255
25277
25278
25284
25286
25289
25290
25291
25303
25304
25308
25342
25344
25345
25346
25349
25350
25352
25353
25354
25356
25358
25359
25360
25361
25362
25364
25366
25510
25532
25533
25534
25539
25541
25544
25545
25546
25558
25559
25563
25597
25598
25599
25600
25601
25602
25603
25604
25605
25606
25607
25608
25609
25610
25611
25612
25613
25614
25615
25616
25617
25618
25619
25621
25622
25765
25787
25788
25789
25794
25796
25799
25800
25801
25813
25814
25818
25821
25852
25853
25854
25855
25856
25857
25858
25859
25860
25861
25862
25863
25864
25865
25866
25867
25868
25869
25870
25871
25872
25873
25874
25875
25876
25877
26020
26042
26043
26044
26049
26051
26054
26055
26056
26068
26069
26073
26107
26108
26111
26112
26114
26115
26117
26118
26119
26120
26121
26124
26125
26126
26127
26129
26131
26275
26297
26298
26299
26304
26306
26309
26310
26311
26312
26323
26324
26328
26362
26363
26365
26366
26368
26369
26370
26373
26374
26375
26376
26379
26380
26381
26382
26384
26386
26387
26530
26552
26553
26554
26559
26561
26564
26565
26566
26578
26579
26583
26617
26618
26619
26620
26621
26622
26623
26624
26625
26627
26628
26629
26630
26631
26632
26634
26635
26636
26637
26638
26639
26641
26785
26807
26808
26809
26814
26819
26820
26821
26833
26834
26838
26872
26873
26874
26875
26876
26877
26878
26879
26882
26883
26884
26885
26886
26887
26888
26889
26890
26891
26892
26893
26894
26895
26896
26897
27069
27127
27131
27135
27141
27147
27295
27317
27318
27319
27324
27326
27329
27330
27331
27332
27343
27344
27348
27382
27383
27384
27385
27386
27387
27388
27389
27390
27393
27394
27395
27396
27397
27399
27400
27401
27402
27403
27404
27406
27550
27572
27573
27574
27579
27581
27584
27585
27586
27598
27599
27603
27637
27638
27639
27640
27641
27642
27643
27644
27645
27647
27648
27649
27650
27651
27652
27653
27654
27655
27656
27657
27658
27659
27661
27662
27805
27827
27828
27829
27834
27836
27839
27840
27841
27853
27854
27858
27892
27893
27894
27896
27897
27898
27900
27902
27903
27904
27905
27906
27907
27909
27910
27911
27912
27914
27916
28060
28082
28083
28084
28089
28091
28094
28095
28096
28108
28109
28113
28147
28148
28149
28150
28151
28152
28153
28154
28155
28156
28157
28158
28159
28160
28161
28162
28163
28164
28165
28166
28167
28168
28169
28170
28171
28172
28315
28337
28338
28339
28344
28346
28349
28350
28351
28363
28364
28368
28402
28403
28404
28405
28406
28407
28408
28409
28410
28411
28412
28413
28414
28415
28416
28417
28418
28419
28420
28421
28422
28423
28424
28425
28426
28427
28570
28592
28593
28599
28601
28604
28605
28606
28618
28619
28623
28657
28658
28659
28660
28661
28662
28663
28664
28665
28667
28668
28669
28670
28671
28672
28674
28675
28676
28677
28679
28681
28847
28932
29080
29102
29103
29104
29109
29111
29114
29115
29116
29128
29129
29133
29167
29168
29169
29170
29171
29172
29173
29174
29175
29176
29177
29178
29179
29180
29181
29182
29183
29184
29185
29186
29187
29188
29189
29191
29192
29335
29357
29358
29359
29364
29366
29369
29370
29371
29372
29383
29384
29388
29389
29422
29423
29424
29425
29426
29427
29428
29429
29430
29431
29432
29433
29434
29435
29436
29437
29438
29439
29440
29441
29442
29443
29444
29446
29447
29590
29612
29613
29614
29619
29621
29624
29625
29626
29638
29639
29643
29677
29678
29679
29680
29681
29682
29683
29684
29685
29687
29688
29689
29690
29691
29692
29694
29695
29696
29697
29698
29699
29700
29701
29702
29845
29867
29868
29869
29874
29876
29879
29880
29881
29893
29894
29898
29932
29933
29934
29935
29936
29937
29938
29939
29940
29941
29942
29943
29944
29945
29946
29947
29948
29949
29950
29951
29953
29954
29955
29956
29957
30100
30122
30123
30129
30131
30134
30135
30136
30148
30149
30153
30187
30191
30193
30195
30197
30198
30200
30201
30204
30205
30206
30207
30208
30209
30211
30355
30377
30378
30379
30384
30386
30389
30390
30391
30403
30404
30408
30442
30443
30444
30445
30446
30447
30449
30450
30452
30453
30454
30455
30456
30457
30459
30460
30461
30462
30464
30466
30610
30632
30633
30639
30644
30645
30646
30647
30658
30697
30699
30701
30704
30705
30708
30711
30712
30713
30716
30717
30721
30865
30887
30888
30889
30894
30896
30899
30900
30901
30902
30913
30914
30918
30919
30952
30953
30954
30955
30956
30957
30958
30959
30960
30962
30963
30964
30965
30966
30967
30969
30970
30971
30972
30973
30974
30977
31120
31142
31143
31151
31154
31155
31156
31168
31169
31173
31207
31210
31211
31214
31215
31217
31218
31219
31221
31225
31227
31231
31232
