0
0
0
0
0
0
0
0
0
0
65008
0
0
0
0
0
0
0
0
0
0
0
0
0
0
0
0
0
0
0
0
0
514911
3923
17970
1
2
1
0
7529
670
670
300
0
39891
6308
30805
29
179
392
147
61
23
55
57
40
193
35
1015
1145
0
2
0
3137
2
6575
3606
2107
2017
2259
1946
1303
4378
7933
308
1201
713
3251
3614
1635
6519
35
3057
2987
6816
254
1116
2888
673
1265
108
1
0
1
0
0
0
199239
31052
59520
116274
312990
52950
50024
163027
166351
2266
19230
95814
58395
180561
191245
39014
2295
145373
159906
219591
65180
25970
56319
3711
45000
2280
0
0
0
0
0
0
0
0
0
0
0
0
0
0
0
0
0
0
0
0
0
0
0
0
0
0
0
0
0
0
0
0
0
0
0
0
0
0
0
0
0
0
0
0
0
0
0
0
0
0
0
0
0
0
0
0
0
0
0
0
0
0
0
0
0
0
0
0
0
0
0
0
0
0
0
0
0
0
0
0
0
0
0
0
0
0
0
0
0
0
0
0
0
0
0
0
0
0
0
0
0
0
0
0
0
0
0
0
0
0
0
0
0
0
0
0
0
0
0
0
0
0
0
0
0
0
0
0
0
0
0
0
